adjusted_illnesses
1.189798666235695
5.332101025540764
0.2010904195027677
0.8809229958781613
0.917014367947847
2.084123563517834
2287.166454891995
7.820414837459787
0.3081617565713183
1.768061732857659
18.04511278195489
18.0418571084917
1.499443064004798
0.3652300949598247
253.9485908950139
13.41781099867785
28.64371986441972
147.703449590242
2.694614812297623
1.62501658871101
16.63312320154355
6.104875332019535
2.202099229737148
40.35129361500119
0.4694760111171919
11.23409879398645
2.891783052009254
0.3199965867030752
7.84173145430511
123.8320387256557
1.13759603206504
12.68254944608965
2.651053997891392
7.986969138835307
1.099646043344166
87.73029201654343
0.264715186313166
0.7497215320023991
33.87533875338753
7.824113919098662
13.69219935842266
9.778769715725412
22.30897936419409
60.75591663723066
16.37371364012215
83.65867261572784
22.93665660002294
96.43201542912247
0.2316257880240203
26.46139042578783
0.2540916161200804
9.222244566240693
230.6372023170993
7.373163160727584
0.08217646841901823
132.722593593707
72.96074711805049
62.91286568103177
11.99683848021227
16.54214110446362
187.5911901618843
8.27107055223181
0.567099888974444
8.119145163732437
69.3107431651906
8.239570077543508
27.67896501173793
11.32193832900697
64.41396709519847
0.9291672570750279
51.24576002342663
55.15937118316852
59.16659623024258
0.9265031520960811
2.499385567714604
13.77031120903333
0.9091735612328393
13.60267501836034
3.822867031339864
33.82543071048438
2.092965334215169
3.209407415014892
160.4087452471483
192.9129860899584
69.29046563192905
92.34974696169333
29.24077195637965
22.1045134141649
0.5812550182504225
3.35952746719116
48.37198053027784
0.0924485269713955
1.257397134987539
0.7279667623612065
4.548127308580692
85.087072437461
2.252713957139864
53.42850731436265
6.201694613053016
3.375177498173788
37.79026704114302
23.55668208844121
845.4608454608453
3.920359209446497
22.38567316917173
0.6399931734061504
2.584313218762114
4701.397712833545
9.378810141620033
0.1643529368380365
0.1027205855237728
6.386256775419298
42.3254829639931
0.2462991500216333
14.56762177971515
145.2867276301171
24.93721166349014
270.6224315926631
2.660175837622867
1.420682736409804
114.1769743101808
7.034528543698711
1.00037931048856
1.266893862966092
0.8510706468737671
2.113790928276849
24.63661000246366
13.98625850102274
68.0696579499688
147.703449590242
0.159106415939705
9.007791739854975
0.2845110941036701
14.04893304461758
1499.167129372571
0.5867305029453872
24.80395336856767
14.83815808997576
0.2538986132057747
0.5331870877321269
2.352650135616022
7.109678642525358
1.273366271074212
0.4773192478191151
0.9840982031596933
0.159106415939705
0.7883850607788568
4.768297424385807
27.76249523890135
115.2073732718894
11.30342635111268
26.58926236954643
11.86316379793797
11.96773498647646
102.1450459652707
57.12739408881806
0.2438666520888601
6.994776547748607
38.11701924909472
0.5703394268160054
4.210820629989295
2.678291334985035
28.97490305114509
48.09319392244527
16.46654894313019
31.70505242656883
209.3244529019981
0.3300681971675071
0.2538986132057747
1.098175518647707
1.040984314143676
0.5077972264115493
114.1769743101808
1.053727362972635
0.2651773598995084
4.828854514094814
44.96655612388286
68.56265255190193
130.3048684594819
2.893009284148961
0.8013374321742989
9.185526436651664
142.5142514251425
5.942995294917981
31.08442246555987
29.38065577623692
1.066192803198578
2.781326544424275
15.7636355447462
0.754220881127247
17.79877673861687
2.609111597501051
706.1315758503001
2.703256748567837
62.44855090976185
122.0585313236254
0.529430372626332
7.393958314506125
28.4346713425904
422.4270353302612
1.421783955600778
1.333319111262813
2.885836315364192
0.4400478772090403
0.410280162088016
49.17001022736213
1.919069768476748
4.239473739993076
8.549493015064206
445.5798479087453
653.2532009406846
31.86824393228635
0.2945804078498478
17.8122940453501
15.81627811343435
65.48492717624478
8.69814816425583
0.8980673183097557
0.7610561606503522
3.301793345471355
24.18599026513892
0.529430372626332
0.184897053942791
27.85893864238636
11.83178164446975
261.3012803762738
0.42659851202439
0.1643529368380365
15.93298233563358
1.458420978824849
1.060709439598034
21.16274148199655
1.842197373026546
2795.425667090216
3.512931980854521
3.220187649116644
14.02950873336919
0.5489747895804584
1.173320817911276
0.2285087518851972
6.895778921327782
2.418119186896432
22.00300707763394
3.191105998423127
7.846419417272585
26.29404252122305
8.887098303156698
17.3190162798753
17.92019539650092
716.6113866658552
159.078309913471
363.0789091495885
213.9279254208988
2.245213205445989
13.31075435002847
2.731130449031985
285.4062281981354
171.2654614652712
1.509338275913074
1.477752437060061
420.6098843322818
0.1540808782856592
4.983661408089557
0.3107354112831757
0.2808653899566281
0.7497215320023991
1.146534476701191
0.0924485269713955
0.1985363897348745
60.46497566284729
7.576433381765479
0.06163235131426367
0.8217646841901823
1.448911384579719
51.44153202235368
1.279986346812301
14.02950873336919
0.1643529368380365
54.41847809656257
2.67654410572944
13.47061648569186
2.225491771862365
46.11789784373207
29.78628341648671
1.167553228751699
2.060076995377702
0.2361164010266341
1.199410369862176
0.2359547910620325
0.6732695419074037
21.71493716240058
9.98976805574896
251.1729301928819
0.8052786635843077
1079.94976977815
0.4266621156041002
1.629074269495946
2.74778360229112
6.101602780112104
11.17669658761482
8.595229991164103
26.22778834174808
56.14823133071309
1.215866713216992
0.1515414799338875
0.07203743699155526
30.23248783142365
114.6867903754845
83.2002576524108
0.07166092833251982
0.07103905190334142
0.2362573467046774
0.6598861790610574
12.5344697919278
259.5228128924236
4.450983543724731
306.0599877576005
16.40184520758585
51.73974906221704
657.8947368421052
185.3813559322034
15.77429241031188
141.2429378531073
52.57121009367234
4.55999817600073
111.6694584031267
11.72392700581099
90.44493070751277
499.7117047857005
89.69759097898513
126.660871724823
1.095611855396765
0.8151988175854689
41.02870144159937
2.630901990131195
1.288228170973643
8.420107216031885
20.61709543782335
4.023886798004655
6.023539994297716
258.0039873343497
0.9661711282302321
4.437968298113124
93.83063570255688
2.050044397530139
0.5683859921903764
0.7578479895871686
1.147340731896302
23.95783421178725
15.50461560479927
124.4190486221742
0.8821285173036859
3.605140930967559
1.912813940587999
1.350740881373433
4.984175243601565
1.498888324492668
18.55750455174348
1.556320919598905
12.36983559363966
1.092743029263658
10.48891452845774
71.68801376409864
13.81970690204231
0.9992588829951119
1.072149719751976
5.447123218596167
2.355139306489979
29.06493937884072
0.8720517022013201
4.005535650268672
0.8210019887194326
2.150284224568803
4.16579879191835
1.648983607728786
28.63454143827211
1.378320294069936
6.728969447114225
1.188239881867351
50.43306654972042
150.0706214689266
236.8987796123474
903.2004712350284
8.359996656001337
195.1503072579306
53.9777445607042
18.36125774615561
2.908583229109101
10.6399957440017
1.342490310576183
3.377331007882171
1.125066097633236
0.422126877831416
0.8432343095175856
0.8671439169854224
1.444060138117365
0.07152052639107424
68.45798391237378
2.36174074463324
6.23435259529536
131.7572654720674
3.748612292564772
1.332540642489596
35.91201556187341
100.7114778597187
14.66614771067075
1.567719608122355
2.321794171089298
1.496461444246451
6.922837286401625
3.337024284435815
0.4921547025030285
129.0019936671748
41.61182937214524
5.677817901024278
1.607570585745136
0.435704874967783
98.8296488946684
415.2134196977246
3.654570039834813
15.12607584214427
5.460585192713152
10.13350898082233
120.5875904406928
0.1021721805586775
0.0613033083352065
20.14017562233143
41.00146067703662
178.0309773900659
9.730111044892299
67.08193579300432
10.55297593921486
29.53892424608609
0.7243130149736194
10.51098397825728
291.8855808523059
4.628162726201453
30.24701730801546
0.8338942264737592
0.196001375929659
0.969695089076191
32.89113035851332
10.4271129471008
29.69209299563526
1.6470150323062
0.3037619617121066
115.4885383073302
10.91442409359119
13.5083180065879
10.53332120405437
71.33911444379271
26.28458498023715
0.6361478280322781
39.7904850098391
63.01859048419284
216.1383285302594
34.06226582192247
1.546524153345266
16.0799710560521
0.7886893534035494
1.63413696557885
0.09507745056661883
74.26243895852555
10.96857381728306
4.273656469247481
0.4184661583279264
5.486817919947327
2.494008145430603
11.97891710589363
0.7845139047244473
9.765761241088743
4.790006131207848
2.643909460789354
10.70243658806322
0.889115758687707
0.3138055618897789
0.5230092698162983
4.20361312912016
2.602534868962369
0.4671216431470919
1.067706612907639
1.334633266134548
72.65486249394543
0.1444526916231162
18.53344824071242
160.1233542877476
281.9067145053818
0.7186717117420831
1.663999532456717
0.3652681900514744
43.44614849893556
5.748007357449417
69.00897116625161
0.05849197331362209
3.072806410704661
999.4618282463289
27.00351045635933
24.00312040565273
0.1334474881274629
61.55051338723667
27.6456928010616
3.566121842496285
69.00897116625161
1.577978756002282
0.9809183357459254
0.3473854138995034
18.04022971225834
14.57072405290294
69.00897116625161
0.114619427840193
113.3501259445844
0.1020827744301433
0.1934683260275281
0.1430410527821485
34.8839237437427
14.47480579635557
48.33512352309345
9.852252699334791
2.011663176058526
1.27252974140605
33.52387501611724
17.21612006411061
0.2940020638944886
3.967775558197348
174.7126436781609
0.1420519351902251
0.2838972419737814
0.6567977333910221
3.185276378468169
0.3182128318794101
11.29769424331125
45.0277125103359
1.485233070199541
25.67017492390627
31.70505242656883
2.403561980750902
74.93106342165207
26.50762094102054
0.5030511055654757
9.039048690342279
0.7424966077186235
4.635179750163812
19.29849954166064
236.1378345285989
12.71787731933921
36.79807668719182
0.264715186313166
9.95330727908781
2.334780897489777
234.8993288590604
0.2651773598995084
0.3447305678693609
9.643797678070252
498.3388704318937
63.88834283467663
7.387979756935467
0.8834780764915318
1.053460233791557
29.13422786203325
4.074520331062714
3.51110416961781
2.646283023082593
0.4301621777588947
16.02574375476766
3.620461815765042
21.19474794146011
1.303479312153967
0.9197969088425275
0.8881240057945158
19.56124135637648
0.8847857301757437
113.1807010735998
49.57634757526591
4.034766235731217
0.9943619676434616
207.5805335588529
9.08187881367958
4.801519479324694
14.03250278457477
29.04850023669148
361.1738148984198
0.07152052639107424
194.965111506362
4.806854574623412
480.4920238324044
0.5353237609931552
698.2990152193374
0.6430633824705209
1.426302927724476
1.047718941245086
1.675755646099559
171.4412122552815
5.526308135307292
19.78794977690682
2.226517398112974
0.4497066788187405
0.7247323427570884
0.2366068060210648
4.363549092654511
7.594052338208715
195.7148743304491
1.844647478643594
134.5377666730732
0.5226703358124241
1.437470290215338
256.002824858757
11.1358574610245
1.995486210192544
3.388043969281735
24.91280518186348
1.499445205274049
0.4007631866951966
2.327173580123836
1.450422153425655
7.576159341783276
0.1430410527821485
78.78779351970398
1.830637158080336
47.44395682599929
0.4038515903098696
2.573492512423535
2.268139445213092
0.0613033083352065
279.178674351585
8.05607024893257
1.616801804350814
2.538571643373644
3.341812474476199
10.29146910721506
14.89339764226059
6.162463068016474
26.01018535212766
3.901931456070755
0.5888288855898115
0.8806570065678792
0.2641665940208533
0.1643529368380365
10.82511426509502
4.522476709244947
5.12823800152565
65.60114503816794
12.22852670710233
1.354793258548745
16.16858444043224
1.02469384069341
6.734175169364505
10.37182274128696
49.60959406410423
2.894585489065389
9.81919587331928
1.337936429288499
1.966427375713861
19.46457760820108
5.187977726282296
92.45882692863334
552.4530114694049
0.8374025865272392
19.70734591318914
0.3184338151236956
0.9793535939828515
11.30759261353258
0.8487202783463024
62.66449429753102
108.6628433444008
56.42992186309359
4.586636161039494
1.285734227714552
10.34004313962184
1.508861952478973
30.12795519795839
23.93648851713454
2.885721313525376
0.3573938837993352
0.4611083484021177
4.236386108466311
13.62281822051937
2522.068095838588
57.89922318542227
36.59429129055867
5.915985609365006
18.65254047601283
5.332946516945971
70.05253940455341
0.7578479895871686
11.75402040925362
5.229477427415421
1.373038557211084
212.8666035950804
13.63698349924997
7.578363190141133
107.63435073422
172.9771285796656
1.610285213717054
27.72682677131766
19.66389859478755
2.884319556968516
1.029147415075736
33.19703921852197
0.2103171609076132
21.26679190444122
236.1794964172771
6.079997568000973
39.00507065918569
32.90014805066622
23.744063984004
0.08905250803030991
3.622460572809811
326.734576206035
0.1840275157941615
0.604661837609388
0.2103171609076132
16.0799710560521
1.046481206941659
18.66216222682662
197.6994967649173
14.08077394559852
35.94536304816679
14.07228463541056
7.503359458666721
0.5262089650973111
2.77883842495438
94.31655430188285
0.2286682719179355
2.195636051368125
15.61802766622044
1.077863763223809
2.862665226145252
2.37123076909046
1.623580888829357
55.13692335967653
13.42678374822095
210.1433365743499
1.051585804538066
1.414187125240412
172.9771285796656
2.354539595943564
0.6315399913226405
0.8210019887194326
25.11532118309906
0.09164289127619753
3.412445187599174
5.055679887831316
28.66698518872432
4.971935201478796
5.231962808218666
43.74088731514268
0.14368081512179
0.1330790901675379
9.597747728533038
1.806930663251969
26.99505090733366
2.899151563295002
4.200112002986746
28.61416401118554
0.8715214040209819
0.2726236757304951
1169.676145917099
0.5609201333868078
37.32581287325813
5115.416586738283
0.0613033083352065
0.3475872089065747
1.26324698689276
101.2539917439053
23.72739053459636
3.235975417373413
0.450420692927194
0.1734877936466787
29.890663100763
0.2230557346885869
0.6195992630238526
161.7541337167505
2.586218044043294
4.793902156456987
2.508537988224206
9.327140112298768
42.49259250752234
14.03250278457477
51.00663086201207
7.636210912145394
2.029112226507953
0.3072786633378145
17.85157774664678
2.306838333886013
0.7003444138195072
29.85211720400478
0.6728969447114225
93.48364036293648
14.50396441694063
5.407473127862706
8.830660051699502
17.80062587000559
0.1577378706807099
39.07267517582704
4.55999817600073
1.217932843183027
12.8926413637836
1.247181370103566
0.6555012946150569
311.9979075589433
48.00297814395016
1.673099445569459
0.2543316310069498
0.3335514918924354
8.577448768390237
0.9316517020112031
18.81560705090117
0.3266689598827651
25.73919758051543
2.60293263743818
14.99823961340131
251.7412100360829
1.438784988394507
4.158330753628143
49.11363783788793
882.6583592938733
2.034192933953454
1.73012875041451
2.711574963509124
0.2726236757304951
9.613709149246825
0.09195496250280973
0.2366068060210648
8.477569763334511
29.10678551937421
0.3376354419299749
22.46617429281541
87.73029201654343
1.030992272068551
11.27152156148145
0.7928306962903453
22.93665660002294
0.6166460971147129
1.013637935287102
36.32994859312274
0.9690152954659773
323.5014272121788
78.54534029768685
90.32714134233987
1.035937983572613
9.483067456219839
10.94026614683826
54.05936701395714
45.27960153950645
1.810082521662163
1.418504721438407
9.30486046032474
1.321384493817242
0.7792916239138623
0.6166460971147129
116.7371953888808
0.3570203704666502
5.89066918001885
2.526520570614671
62.51823448505814
883.8768668088998
80.53691275167785
2.455675065075389
20.82552376192261
0.7928306962903453
180.0906663354654
9.312303622486109
2.062855197879385
9.174662640009174
10.9862249640835
4.255514164315223
9.005060844194437
247.383444338725
295.5082742316785
2.290399789283219
23.58409166733776
3.586386078446218
7.276696379843552
101.6423260043867
77.39707677194654
0.6166460971147129
1397.712833545108
3.414636708920607
3.858440993646651
13.54623499331155
0.3182128318794101
0.2316257880240203
4.595377050687009
23.14948781758204
67.55615605472049
133.2064700285443
3.53440150801131
0.7497215320023991
0.9926819486743725
0.7685203805200578
3.719497386506101
0.7502844828664201
22.21235006663705
525.3173792499636
20.4909192873474
1.409476793405058
38.91239846296026
32.06729657774828
0.1985363897348745
2.027442561425878
8.477569763334511
7.856539587138845
0.6166460971147129
12.13698611663644
17.53334989260823
4.772750774909119
9.922872220468179
1.402546182339419
11.40641040264629
17.8122940453501
96.20430295609586
0.1856241519296559
0.567099888974444
3.123425692695214
41.09589041095891
608.9438629876308
3.733743853683195
56.3825436468388
228.3539486203616
1.386244173048641
86.68015024559377
2.570473824008225
1.96408346045318
2.297688525343505
5.403036506516663
184.5622599946417
6.269628211047085
130.0236406619385
50.19393109742185
11.22460433269727
153.9788125153979
1.576899769997905
730.8912853060697
463.2949092714136
8.627755489409429
13.35148071906691
152.995174767565
24.73732862890101
1.648526534302667
253.9528977839586
0.1856241519296559
4.424958239456615
12.52620973232034
1.44806601732973
2.689821331820202
0.5202070077086008
2.026122890519771
0.9690152954659773
16.53644218446401
175.0393838613688
1.393484944495294
2.103819273509128
31.80788040236969
47.5963826749167
41.78586352094114
70.92198581560284
36.98507843387323
3.734897010214943
5.466605116742389
27.70172330488002
0.2916950958894592
0.8154677930995116
0.1856241519296559
13.662602042559
47.6746680651236
2.961521642422096
0.6313501992225553
0.8336494254071335
2.334218391139974
0.2735201080586773
14.02010267029032
0.07190440986664094
0.06163235131426367
77.03585894982729
40.37386196176595
0.8568246080027418
0.9284634394309138
3.831983927564556
282.45263034012
3.668941410341078
0.7722443982813905
1.751944658571014
39.27267014884342
6.857534716269501
76.37547093457357
0.9268015685760086
2.263930530537027
15.75584008749125
32.47534279528506
233.4743907777616
23.79875770484781
17.3268935045808
0.7561331852992587
4.408384747790297
25.99487748002599
32.65324505697428
38.78621948437144
2.078110997103633
17.9413389980121
22.62603152077703
10.437777797107
1.816627363176736
335.6194367430323
15.27298830198189
204.2900919305414
2.528033695391724
5.792927662884712
140.8090117767537
1.558583247827725
1.381177315543769
209.3244529019981
4.824143340270119
20.30182039656222
6.470816617057073
3.164356686285678
4.972980141232636
0.6399931734061504
335.1487222454965
0.6399931734061504
25.97233945847672
1.507266394262522
1.066655289010251
0.3733293511535877
0.1985363897348745
4.025797309157078
73.9811508893821
9.190754101374019
4.090983472426771
11.51178519008835
2414.23125794155
3.183771008206638
152.2359657469077
17.07504482199266
0.3199965867030752
26.74273489035479
448.1792717086834
10.62917881021773
2.885593434313073
0.9282718536950733
2.378492088871035
16.9578949599723
7.117148260365617
7.742420723142096
115.4478382201154
3.507664246378337
44.63858686987852
206.7928311818524

